300.456525 70.868116
496.503232 305.111182
512.242359 624.767836
1436.589744 873.612438
58.092876 945.054524
624.321973 1179.413729
330.658952 1197.177079
428.426552 1348.999582
829.124580 10.493218
1042.461581 1280.103769
830.361603 1243.347169
59.850913 1146.027285
429.560770 528.093395
1086.614593 1010.836782
1126.363712 1265.742152
349.645017 1002.713609
1006.137582 1144.409831
148.576316 664.119951
1263.965513 833.965854
97.457858 958.397133
362.286600 960.126134
1265.395753 572.757843
1346.756014 425.498917
1452.309961 1308.743945
388.258032 156.693060
1047.586516 1348.373922
571.004120 609.561176
1419.889928 1108.721175
151.771070 1405.755397
1406.397648 464.523172
502.705316 983.180239
759.151627 60.244397
388.416636 560.977983
147.686938 607.386053
889.344197 458.749524
1223.113660 358.799604
16.453188 1034.447488
365.183980 1147.277455
610.947864 1441.398171
1438.090334 1048.427631
797.127463 409.665046
499.247876 360.300887
764.842851 1063.164011
945.224486 824.720408
509.564625 158.764420
941.401166 998.044345
736.999716 1498.134790
651.635248 578.730575
503.758211 926.345513
1487.375982 562.429238
1267.513604 977.628855
1068.921363 1469.133543
1236.122947 1018.594983
313.938664 580.512263
159.142292 225.491501
652.832822 1465.901313
567.665520 1051.779540
1138.247932 851.995555
684.208498 659.899429
773.563033 717.188014
353.578467 779.067795
787.031046 330.518366
1024.530528 379.864983
653.761691 520.364923
88.521323 1248.952909
208.351999 173.148218
363.493067 1414.562642
1407.037965 1158.934501
553.626859 844.930773
1304.014936 475.242498
352.159334 509.136047
1419.203095 948.892524
544.018177 1066.897296
1117.867556 56.391163
139.101647 1051.219184
1046.482090 695.589144
179.613064 916.353076
1039.917296 1308.099248
1222.840558 1422.542770
865.514790 164.355570
251.475120 572.079905
180.295224 1184.158151
884.473690 1168.251789
737.399719 1306.824748
74.962297 757.718121
70.214363 325.955336
1128.838823 440.818495
199.834771 521.987437
139.638394 1022.155454
148.240664 1060.273067
1283.608043 1490.102666
721.121193 745.750440
525.042313 365.867885
573.322057 488.502701
68.115907 782.114046
990.225180 453.330271
54.280258 331.866490
618.609727 104.021075
999.688044 1226.213532
494.355052 521.930594
964.566167 599.515420
1450.342385 1443.804235
432.587850 299.773938
365.625012 1121.657571
31.418349 264.632834
285.334951 1047.905964
1088.824223 443.511758
467.837158 787.746255
1010.379127 448.145638
183.152497 198.658907
273.859090 480.017012
858.556729 451.002809
1063.244686 385.387770
703.281725 1142.652029
1464.245309 463.075912
1078.824238 291.958187
1241.825687 1141.955104
489.028780 1174.391118
1388.978926 343.974817
328.138899 709.632910
790.842819 1249.072640
437.463229 818.629215
1315.819580 1112.627293
456.881400 128.041091
666.001550 1305.260293
1375.157850 111.077840
644.714328 1193.654781
304.413328 245.627726
1150.891461 1117.841209
1258.574986 768.211566
742.324677 304.155798
1201.110758 1234.159349
1453.557350 998.121375
381.918646 1466.581250
519.962775 867.058520
965.428644 1427.002679
1377.309513 874.906936
111.265545 1053.005565
185.484127 841.067933
610.605438 1373.197013
1264.066447 771.710001
1384.117981 1159.064867
391.658864 1024.334985
1308.790220 241.585503
19.265554 41.717558
509.477657 1252.481405
1062.383456 87.273129
545.412031 1274.379708
964.135760 693.822802
97.802822 875.220100
917.435403 54.188553
742.659110 1030.265735
477.214479 1104.328288
504.939289 129.240216
984.153233 392.042410
563.187164 278.271523
95.327763 1062.268024
1254.379682 1315.610242
751.215403 149.956963
51.871116 1470.063942
1099.842249 907.781051
497.616888 208.541382
684.292055 724.944492
1497.378989 271.268221
1073.401657 717.980967
416.936767 1077.482909
1125.905802 821.323025
1303.873342 1366.682913
1328.293484 107.226464
744.299018 1144.929486
857.272170 1360.175370
183.970154 1456.230072
895.844889 526.715740
462.233864 0.090771
956.527374 284.309070
672.667795 799.573405
120.735954 12.458272
757.525962 1214.519149
942.134766 455.657063
1224.146974 843.966338
1435.585621 635.742214
611.179050 1036.669237
451.519016 1484.894894
377.830210 1424.487768
249.029276 181.794148
451.268681 729.129715
1194.966492 459.256009
950.515523 464.315707
836.595583 94.463398
930.510966 168.306954
995.772590 1205.158458
521.307348 776.830453
1263.149687 488.790699
177.662230 338.351797
1456.336814 934.012155
257.821843 14.306882
633.751055 89.916811
640.988919 602.173798
21.575234 817.617590
852.386234 1168.996703
347.114073 635.940277
696.115022 579.221864
1.767276 688.050558
131.343423 1414.326635
435.154253 1161.051508
958.042072 1370.729217
1177.793622 987.344842
696.530559 777.925249
588.068093 1143.859439
960.950828 1338.820860
669.882132 107.468533
921.497746 725.348791
1383.285350 60.670932
1443.595945 70.883495
669.402312 1376.954095
1179.351769 1392.172908
675.267548 944.222905
723.694118 579.100660
426.041913 419.172660
113.319915 477.110543
1152.960997 1352.478238
69.070782 945.717455
1454.175915 51.106181
101.138536 1340.803236
1002.894354 789.423042
370.549714 420.403954
296.903236 375.082806
515.445418 684.977241
96.778035 657.179496
1332.441582 1201.896283
716.962439 438.247904
932.661211 669.299627
1393.404009 1281.719052
79.868653 659.102143
202.103662 858.922457
825.090138 768.003233
180.540844 478.029477
169.372388 1021.834219
195.209179 124.013583
1319.567392 1307.805275
125.460068 933.651398
1287.998695 1322.398354
1393.477401 200.682906
590.092092 498.280926
594.998182 1445.155169
553.434569 465.133698
380.608798 405.125252
1327.037225 778.863262
450.268888 358.731282
1044.687284 241.820784
